sourceProbabilities: [0.007547169811320755, 0.006918238993710692, 0.030817610062893082, 0.021383647798742137, 0.08364779874213836, 0.057232704402515724, 0.018238993710691823, 0.0031446540880503146, 0.0025157232704402514, 0.015723270440251572, 0.005031446540880503, 0.0, 0.0012578616352201257, 0.013207547169811321, 0.045283018867924525, 0.05220125786163522, 0.021383647798742137, 0.03270440251572327, 0.12767295597484277, 0.04213836477987421, 0.040880503144654086, 0.022641509433962263, 0.0025157232704402514, 0.016981132075471698, 0.023270440251572325, 0.052830188679245285, 0.03207547169811321, 0.08176100628930817, 0.07861635220125786, 0.03207547169811321, 0.020754716981132074, 0.007547169811320755, 0.0]
encodedProbabilities: [0.0025157232704402514, 0.08176100628930817, 0.013207547169811321, 0.0, 0.12767295597484277, 0.08364779874213836, 0.016981132075471698, 0.015723270440251572, 0.07861635220125786, 0.045283018867924525, 0.007547169811320755, 0.04213836477987421, 0.057232704402515724, 0.023270440251572325, 0.005031446540880503, 0.03207547169811321, 0.05220125786163522, 0.006918238993710692, 0.040880503144654086, 0.018238993710691823, 0.052830188679245285, 0.0, 0.020754716981132074, 0.021383647798742137, 0.030817610062893082, 0.022641509433962263, 0.0031446540880503146, 0.03207547169811321, 0.0012578616352201257, 0.007547169811320755, 0.03270440251572327, 0.021383647798742137, 0.0025157232704402514]
